#FORMAT:chart.xoda
#VERSION:0.2

#BACKGROUND:trick
#BGMOFFSET:0

#TITLE:Journey
#ARTIST:ARForest
#STYLE:SHUTTLE
#INDEX:d96b7ce6-047e-43da-9785-56fbb0d6d4ff

#DIFFICULTY:NORMAL
#LEVEL:1

#SETBPM:443,200.000000
#DEFBPM:200.000000

#OBJ:443,1,-1,0
#OBJ:743,1,-1,0
#OBJ:893,1,-1,0
#OBJ:1043,1,-1,0
#OBJ:1643,1,-1,0
#OBJ:1943,1,-1,0
#OBJ:2093,1,-1,0
#OBJ:2243,1,-1,0
#OBJ:2543,1,-1,0
#OBJ:2843,1,-1,0
#OBJ:3143,1,-1,0
#OBJ:3293,1,-1,0
#OBJ:3443,1,-1,0
#OBJ:3743,1,-1,0
#OBJ:4043,1,-1,0
#OBJ:4343,1,-1,0
#OBJ:4643,1,-1,0
#OBJ:4943,1,-1,0
#OBJ:5243,1,-1,0
#OBJ:5543,1,-1,0
#OBJ:5693,1,-1,0
#OBJ:5843,1,-1,0
#OBJ:6143,1,-1,0
#OBJ:6443,1,-1,0
#OBJ:6743,1,-1,0
#OBJ:6893,1,-1,0
#OBJ:7043,1,-1,0
#OBJ:7343,1,-1,0
#OBJ:7643,1,-1,0
#OBJ:7943,1,-1,0
#OBJ:8093,1,-1,0
#OBJ:8243,1,-1,0
#OBJ:8543,1,-1,0
#OBJ:8843,1,-1,0
#OBJ:9143,1,-1,0
#OBJ:9443,1,-1,0
#OBJ:9743,1,-1,0
#HOLD.START:10043,0,-1,0,450
#HOLD.END:10493,0,-1,0
#OBJ:10043,1,-1,0
#OBJ:10343,1,-1,0
#HOLD.START:10493,2,-1,0,450
#HOLD.END:10943,2,-1,0
#OBJ:10643,1,-1,0
#OBJ:10943,0,-1,0
#OBJ:10943,1,-1,0
#HOLD.START:11243,0,-1,0,1200
#HOLD.END:12443,0,-1,0
#OBJ:11243,1,-1,0
#OBJ:11543,1,-1,0
#OBJ:11843,1,-1,0
#OBJ:12143,1,-1,0
#OBJ:12443,1,-1,0
#HOLD.START:12443,2,-1,0,450
#HOLD.END:12893,2,-1,0
#OBJ:12743,1,-1,0
#HOLD.START:12893,0,-1,0,450
#HOLD.END:13343,0,-1,0
#OBJ:13043,1,-1,0
#OBJ:13343,2,-1,0
#OBJ:13343,1,-1,0
#HOLD.START:13643,2,-1,0,1200
#HOLD.END:14843,2,-1,0
#OBJ:13643,1,-1,0
#OBJ:13943,1,-1,0
#OBJ:14243,1,-1,0
#OBJ:14543,1,-1,0
#OBJ:14843,1,-1,0
